128, 8, 2
1882 / 5003 = 0.376174

128, 8, 4
1875 / 5003 = 0.374775

128, 8, 8
1871 / 5003 = 0.373976

128, 16, 2
1518 / 5003 = 0.303418

128, 16, 4
1502 / 5003 = 0.300220

128, 16, 8
1492 / 5003 = 0.298221

128, 32, 2
1346 / 5003 = 0.269039

128, 32, 4
1331 / 5003 = 0.266040

128, 32, 8
1322 / 5003 = 0.264241

128, 64, 2
1264 / 5003 = 0.252648

128, 64, 4
1252 / 5003 = 0.250250

128, 64, 8
1251 / 5003 = 0.250050

256, 8, 2
1877 / 5003 = 0.375175

256, 8, 4
1870 / 5003 = 0.373776

256, 8, 8
1870 / 5003 = 0.373776

256, 16, 2
1502 / 5003 = 0.300220

256, 16, 4
1489 / 5003 = 0.297621

256, 16, 8
1489 / 5003 = 0.297621

256, 32, 2
1316 / 5003 = 0.263042

256, 32, 4
1306 / 5003 = 0.261043

256, 32, 8
1298 / 5003 = 0.259444

256, 64, 2
1221 / 5003 = 0.244054

256, 64, 4
1199 / 5003 = 0.239656

256, 64, 8
1191 / 5003 = 0.238057

512, 8, 2
1871 / 5003 = 0.373976

512, 8, 4
1870 / 5003 = 0.373776

512, 8, 8
1870 / 5003 = 0.373776

512, 16, 2
1490 / 5003 = 0.297821

512, 16, 4
1489 / 5003 = 0.297621

512, 16, 8
1489 / 5003 = 0.297621

512, 32, 2
1297 / 5003 = 0.259244

512, 32, 4
1297 / 5003 = 0.259244

512, 32, 8
1294 / 5003 = 0.258645

512, 64, 2
1186 / 5003 = 0.237058

512, 64, 4
1171 / 5003 = 0.234060

512, 64, 8
1167 / 5003 = 0.233260

1024, 8, 2
1870 / 5003 = 0.373776

1024, 8, 4
1870 / 5003 = 0.373776

1024, 8, 8
1870 / 5003 = 0.373776

1024, 16, 2
1489 / 5003 = 0.297621

1024, 16, 4
1489 / 5003 = 0.297621

1024, 16, 8
1489 / 5003 = 0.297621

1024, 32, 2
1295 / 5003 = 0.258845

1024, 32, 4
1294 / 5003 = 0.258645

1024, 32, 8
1294 / 5003 = 0.258645

1024, 64, 2
1168 / 5003 = 0.233460

1024, 64, 4
1168 / 5003 = 0.233460

1024, 64, 8
1167 / 5003 = 0.233260

